folder                dim  degree  refinements  shy  smoothing  threshold  gmg_iterations  gmg_solve_time  smoother_sweep_time  amg_iterations  amg_solve_time
2D_p1_ref2_shy1_smo1  2    1       2            1    1                     6               0.00104559      9.6078               2               0.000293354   
2D_p1_ref2_shy1_smo2  2    1       2            1    2                     5               0.00108833      9.4258               2               0.000301104   
2D_p1_ref2_shy1_smo3  2    1       2            1    3                     5               0.00121652      0.000117338          2               0.000300834   
2D_p1_ref2_shy2_smo1  2    1       2            2    1                     6               0.00101462      8.2288               2               0.000312623   
2D_p1_ref2_shy2_smo2  2    1       2            2    2                     5               0.00101813      9.4738               2               0.000293674   
2D_p1_ref2_shy2_smo3  2    1       2            2    3                     5               0.00118005      0.000105338          2               0.000301814   
2D_p1_ref2_shy3_smo1  2    1       2            3    1                     6               0.000932151     8.1398               2               0.000289504   
2D_p1_ref2_shy3_smo2  2    1       2            3    2                     6               0.00103097      8.6739               2               0.000307474   
2D_p1_ref2_shy3_smo3  2    1       2            3    3                     5               0.00105376      0.000101648          2               0.000298135   
2D_p1_ref2_shy4_smo1  2    1       2            4    1                     11              0.00132438      7.8048               2               0.000291594   
2D_p1_ref2_shy4_smo2  2    1       2            4    2                     10              0.00137459      8.4888               2               0.000294154   
2D_p1_ref2_shy4_smo3  2    1       2            4    3                     10              0.00147325      8.5739               2               0.000302954   
2D_p1_ref3_shy1_smo1  2    1       3            1    1                     8               0.00359596      0.000182856          2               0.000610518   
2D_p1_ref3_shy1_smo2  2    1       3            1    2                     7               0.00370055      0.000205176          2               0.000624317   
2D_p1_ref3_shy1_smo3  2    1       3            1    3                     6               0.00366196      0.000221046          2               0.000607288   
2D_p1_ref3_shy2_smo1  2    1       3            2    1                     8               0.00336358      0.000176246          2               0.000600698   
2D_p1_ref3_shy2_smo2  2    1       3            2    2                     7               0.00354208      0.000205106          2               0.000626257   
2D_p1_ref3_shy2_smo3  2    1       3            2    3                     6               0.0034819       0.000214166          2               0.000610108   
2D_p1_ref3_shy3_smo1  2    1       3            3    1                     8               0.0031868       0.000172286          2               0.000614808   
2D_p1_ref3_shy3_smo2  2    1       3            3    2                     7               0.00322714      0.000187777          2               0.000622308   
2D_p1_ref3_shy3_smo3  2    1       3            3    3                     6               0.00314867      0.000201516          2               0.000642457   
2D_p1_ref3_shy4_smo1  2    1       3            4    1                     22              0.0072814       0.000163367          2               0.000638537   
2D_p1_ref3_shy4_smo2  2    1       3            4    2                     21              0.00769696      0.000174426          2               0.000632367   
2D_p1_ref3_shy4_smo3  2    1       3            4    3                     21              0.0081559       0.000182667          2               0.000633678   
2D_p1_ref4_shy1_smo1  2    1       4            1    1                     8               0.0121879       0.000593428          12              0.00287591    
2D_p1_ref4_shy1_smo2  2    1       4            1    2                     7               0.0118003       0.000636788          12              0.00288226    
2D_p1_ref4_shy1_smo3  2    1       4            1    3                     7               0.0130369       0.000676097          12              0.00287057    
2D_p1_ref4_shy2_smo1  2    1       4            2    1                     8               0.0116804       0.000563509          12              0.0028787     
2D_p1_ref4_shy2_smo2  2    1       4            2    2                     7               0.0115089       0.000593538          12              0.00287559    
2D_p1_ref4_shy2_smo3  2    1       4            2    3                     7               0.0126555       0.000659117          12              0.00287497    
2D_p1_ref4_shy3_smo1  2    1       4            3    1                     8               0.0114295       0.000542819          12              0.00288304    
2D_p1_ref4_shy3_smo2  2    1       4            3    2                     7               0.0110209       0.000576078          12              0.00286477    
2D_p1_ref4_shy3_smo3  2    1       4            3    3                     7               0.0118002       0.000622898          12              0.0028778     
2D_p1_ref4_shy4_smo1  2    1       4            4    1                     41              0.0509054       0.00053254           12              0.00287669    
2D_p1_ref4_shy4_smo2  2    1       4            4    2                     42              0.0552681       0.000566979          12              0.00288714    
2D_p1_ref4_shy4_smo3  2    1       4            4    3                     42              0.0574727       0.000565428          12              0.0029002     
2D_p1_ref5_shy1_smo1  2    1       5            1    1                     9               0.0691967       0.00337589           13              0.0120177     
2D_p1_ref5_shy1_smo2  2    1       5            1    2                     8               0.0688088       0.00360099           13              0.0120087     
2D_p1_ref5_shy1_smo3  2    1       5            1    3                     8               0.0756359       0.00380796           13              0.0120164     
2D_p1_ref5_shy2_smo1  2    1       5            2    1                     9               0.0682045       0.00322961           13              0.0120097     
2D_p1_ref5_shy2_smo2  2    1       5            2    2                     8               0.0679023       0.00347025           13              0.0120596     
2D_p1_ref5_shy2_smo3  2    1       5            2    3                     8               0.0715841       0.00387419           13              0.0120789     
2D_p1_ref5_shy3_smo1  2    1       5            3    1                     9               0.0667147       0.00314827           13              0.0120388     
2D_p1_ref5_shy3_smo2  2    1       5            3    2                     8               0.0626891       0.00344645           13              0.012029      
2D_p1_ref5_shy3_smo3  2    1       5            3    3                     8               0.0687385       0.00354607           13              0.0120195     
2D_p1_ref5_shy4_smo1  2    1       5            4    1                     100             0.67311         0.00329788           13              0.0119735     
2D_p1_ref5_shy4_smo2  2    1       5            4    2                     90              0.636984        0.00320037           13              0.0119621     
2D_p1_ref5_shy4_smo3  2    1       5            4    3                     85              0.628119        0.00330691           13              0.012057      
2D_p1_ref6_shy1_smo1  2    1       6            1    1                     10              0.394371        0.0164355            14              0.05538       
2D_p1_ref6_shy1_smo2  2    1       6            1    2                     9               0.371975        0.0170213            14              0.0552782     
2D_p1_ref6_shy1_smo3  2    1       6            1    3                     9               0.385431        0.0173423            14              0.0558452     
2D_p1_ref6_shy2_smo1  2    1       6            2    1                     10              0.391549        0.0164955            14              0.0550724     
2D_p1_ref6_shy2_smo2  2    1       6            2    2                     9               0.36525         0.0168374            14              0.0551623     
2D_p1_ref6_shy2_smo3  2    1       6            2    3                     9               0.378241        0.0172197            14              0.0555556     
2D_p1_ref6_shy3_smo1  2    1       6            3    1                     11              0.420532        0.0164028            14              0.0550976     
2D_p1_ref6_shy3_smo2  2    1       6            3    2                     9               0.363629        0.0166738            14              0.0555511     
2D_p1_ref6_shy3_smo3  2    1       6            3    3                     9               0.372908        0.0171075            14              0.0551676     
2D_p1_ref6_shy4_smo1  2    1       6            4    1                     100             3.69177         0.0162047            14              0.0556131     
2D_p1_ref6_shy4_smo2  2    1       6            4    2                     100             3.76087         0.0163192            14              0.0551829     
2D_p1_ref6_shy4_smo3  2    1       6            4    3                     100             3.85128         0.0166596            14              0.0554192     
2D_p1_ref7_shy1_smo1  2    1       7            1    1                     11              2.00588         0.0764419            15              0.313808      
2D_p1_ref7_shy1_smo2  2    1       7            1    2                     10              1.90064         0.0876993            15              0.313462      
2D_p1_ref7_shy1_smo3  2    1       7            1    3                     10              1.91868         0.0981546            15              0.316609      
2D_p1_ref7_shy2_smo1  2    1       7            2    1                     11              2.07207         0.0867381            15              0.310534      
2D_p1_ref7_shy2_smo2  2    1       7            2    2                     10              1.87155         0.0812787            15              0.315051      
2D_p1_ref7_shy2_smo3  2    1       7            2    3                     10              1.93261         0.0886282            15              0.310432      
2D_p1_ref7_shy3_smo1  2    1       7            3    1                     11              2.02584         0.085543             15              0.310958      
2D_p1_ref7_shy3_smo2  2    1       7            3    2                     10              1.88015         0.0878747            15              0.317485      
2D_p1_ref7_shy3_smo3  2    1       7            3    3                     10              1.89787         0.0872775            15              0.317668      
2D_p1_ref7_shy4_smo1  2    1       7            4    1                     100             17.0353         0.0826555            15              0.311943      
2D_p1_ref7_shy4_smo2  2    1       7            4    2                     100             17.3901         0.0803566            15              0.311322      
2D_p1_ref7_shy4_smo3  2    1       7            4    3                     100             17.4338         0.0868725            15              0.314255      
2D_p1_ref8_shy1_smo1  2    1       8            1    1                     11              8.65635         0.351332             17              1.64826       
2D_p1_ref8_shy1_smo2  2    1       8            1    2                     11              8.69409         0.345012             17              1.64248       
2D_p1_ref8_shy1_smo3  2    1       8            1    3                     11              8.76206         0.351657             17              1.64027       
2D_p1_ref8_shy2_smo1  2    1       8            2    1                     11              8.65232         0.346495             17              1.6682        
2D_p1_ref8_shy2_smo2  2    1       8            2    2                     11              8.80616         0.321512             17              1.64879       
2D_p1_ref8_shy2_smo3  2    1       8            2    3                     11              8.76916         0.346303             17              1.66868       
2D_p1_ref8_shy3_smo1  2    1       8            3    1                     11              8.64345         0.322023             17              1.65117       
2D_p1_ref8_shy3_smo2  2    1       8            3    2                     11              8.67055         0.343393             17              1.68455       
2D_p1_ref8_shy3_smo3  2    1       8            3    3                     11              8.67392         0.343257             17              1.66531       
2D_p1_ref8_shy4_smo1  2    1       8            4    1                     100             71.9557         0.327811             17              1.66551       
2D_p1_ref8_shy4_smo2  2    1       8            4    2                     100             73.2926         0.342476             17              1.65402       
2D_p1_ref8_shy4_smo3  2    1       8            4    3                     100             72.4087         0.330752             17              1.64704       
2D_p1_ref9_shy1_smo1  2    1       9            1    1                     12              37.2529         1.47928              17              7.05417       
2D_p1_ref9_shy1_smo2  2    1       9            1    2                     12              37.7343         1.44683              17              6.91208       
2D_p1_ref9_shy1_smo3  2    1       9            1    3                     12              37.498          1.44186              17              7.04443       
2D_p1_ref9_shy2_smo1  2    1       9            2    1                     12              37.0637         1.29989              17              6.98115       
2D_p1_ref9_shy2_smo2  2    1       9            2    2                     12              37.5399         1.58341              17              6.80075       
2D_p1_ref9_shy2_smo3  2    1       9            2    3                     12              37.9733         1.45514              17              6.84681       
2D_p1_ref9_shy3_smo1  2    1       9            3    1                     13              40.3584         1.43079              17              6.90586       
2D_p1_ref9_shy3_smo2  2    1       9            3    2                     12              37.5925         1.44469              17              6.78143       
2D_p1_ref9_shy3_smo3  2    1       9            3    3                     12              37.2317         1.44955              17              6.92444       
2D_p1_ref9_shy4_smo1  2    1       9            4    1                     100             307.395         1.4521               17              6.96855       
2D_p1_ref9_shy4_smo2  2    1       9            4    2                     100             307.042         1.51272              17              6.76126       
2D_p1_ref9_shy4_smo3  2    1       9            4    3                     100             307.101         1.40209              17              7.12452       
2D_p2_ref2_shy1_smo1  2    2       2            1    1                     6               0.0022243       0.000166837          2               0.000627718   
2D_p2_ref2_shy1_smo2  2    2       2            1    2                     4               0.00202934      0.000187046          2               0.000626078   
2D_p2_ref2_shy1_smo3  2    2       2            1    3                     4               0.00244588      0.000218966          2               0.000628167   
2D_p2_ref2_shy2_smo1  2    2       2            2    1                     6               0.00210283      0.000154347          2               0.000630398   
2D_p2_ref2_shy2_smo2  2    2       2            2    2                     4               0.00192567      0.000184607          2               0.000618669   
2D_p2_ref2_shy2_smo3  2    2       2            2    3                     4               0.00223141      0.000199686          2               0.000627088   
2D_p2_ref2_shy3_smo1  2    2       2            3    1                     7               0.00217548      0.000146767          2               0.000628008   
2D_p2_ref2_shy3_smo2  2    2       2            3    2                     5               0.00200383      0.000159037          2               0.000607458   
2D_p2_ref2_shy3_smo3  2    2       2            3    3                     4               0.00199513      0.000182687          2               0.000623488   
2D_p2_ref2_shy4_smo1  2    2       2            4    1                     11              0.00299837      0.000144017          2               0.000630768   
2D_p2_ref2_shy4_smo2  2    2       2            4    2                     8               0.00265509      0.000153777          2               0.000621828   
2D_p2_ref2_shy4_smo3  2    2       2            4    3                     8               0.00292913      0.000164807          2               0.000633918   
2D_p2_ref3_shy1_smo1  2    2       3            1    1                     7               0.0085419       0.00048651           100             0.0341942     
2D_p2_ref3_shy1_smo2  2    2       3            1    2                     6               0.00909529      0.000602108          100             0.0342017     
2D_p2_ref3_shy1_smo3  2    2       3            1    3                     6               0.0106386       0.000664177          100             0.0343203     
2D_p2_ref3_shy2_smo1  2    2       3            2    1                     7               0.00823098      0.000452691          100             0.0342013     
2D_p2_ref3_shy2_smo2  2    2       3            2    2                     6               0.0086597       0.000549939          100             0.0341158     
2D_p2_ref3_shy2_smo3  2    2       3            2    3                     6               0.00991645      0.000639108          100             0.0342627     
2D_p2_ref3_shy3_smo1  2    2       3            3    1                     8               0.00895524      0.000441341          100             0.0342556     
2D_p2_ref3_shy3_smo2  2    2       3            3    2                     5               0.00690328      0.000506651          100             0.034264      
2D_p2_ref3_shy3_smo3  2    2       3            3    3                     6               0.00901187      0.000595048          100             0.034257      
2D_p2_ref3_shy4_smo1  2    2       3            4    1                     22              0.0215832       0.000430832          100             0.0341775     
2D_p2_ref3_shy4_smo2  2    2       3            4    2                     15              0.0164051       0.000452411          100             0.0344        
2D_p2_ref3_shy4_smo3  2    2       3            4    3                     16              0.0190828       0.00049747           100             0.0343147     
2D_p2_ref4_shy1_smo1  2    2       4            1    1                     9               0.0558224       0.00233932           100             0.134118      
2D_p2_ref4_shy1_smo2  2    2       4            1    2                     8               0.0605834       0.00269619           100             0.13376       
2D_p2_ref4_shy1_smo3  2    2       4            1    3                     7               0.0623858       0.0030199            100             0.133362      
2D_p2_ref4_shy2_smo1  2    2       4            2    1                     9               0.0540878       0.00229681           100             0.133141      
2D_p2_ref4_shy2_smo2  2    2       4            2    2                     8               0.0580702       0.00258539           100             0.13318       
2D_p2_ref4_shy2_smo3  2    2       4            2    3                     7               0.0597413       0.00289776           100             0.133408      
2D_p2_ref4_shy3_smo1  2    2       4            3    1                     10              0.0570808       0.00219989           100             0.13317       
2D_p2_ref4_shy3_smo2  2    2       4            3    2                     8               0.0539039       0.00245229           100             0.133908      
2D_p2_ref4_shy3_smo3  2    2       4            3    3                     7               0.0534813       0.00267433           100             0.133156      
2D_p2_ref4_shy4_smo1  2    2       4            4    1                     35              0.192252        0.00212931           100             0.133434      
2D_p2_ref4_shy4_smo2  2    2       4            4    2                     24              0.143674        0.00229865           100             0.133198      
2D_p2_ref4_shy4_smo3  2    2       4            4    3                     24              0.156007        0.00244806           100             0.133219      
2D_p2_ref5_shy1_smo1  2    2       5            1    1                     10              0.312017        0.0111385            100             0.659686      
2D_p2_ref5_shy1_smo2  2    2       5            1    2                     8               0.274681        0.0116684            100             0.657596      
2D_p2_ref5_shy1_smo3  2    2       5            1    3                     7               0.262251        0.0120485            100             0.668405      
2D_p2_ref5_shy2_smo1  2    2       5            2    1                     10              0.31077         0.0109286            100             0.659257      
2D_p2_ref5_shy2_smo2  2    2       5            2    2                     8               0.273911        0.0117651            100             0.662715      
2D_p2_ref5_shy2_smo3  2    2       5            2    3                     7               0.261234        0.0121856            100             0.668124      
2D_p2_ref5_shy3_smo1  2    2       5            3    1                     11              0.333023        0.0107603            100             0.662529      
2D_p2_ref5_shy3_smo2  2    2       5            3    2                     8               0.263735        0.0113002            100             0.655665      
2D_p2_ref5_shy3_smo3  2    2       5            3    3                     7               0.245808        0.0116629            100             0.659827      
2D_p2_ref5_shy4_smo1  2    2       5            4    1                     83              2.3999          0.0106245            100             0.653715      
2D_p2_ref5_shy4_smo2  2    2       5            4    2                     45              1.39212         0.0110079            100             0.669655      
2D_p2_ref5_shy4_smo3  2    2       5            4    3                     43              1.39994         0.011642             100             0.656724      
2D_p2_ref6_shy1_smo1  2    2       6            1    1                     12              1.90781         0.0838075            100             3.14823       
2D_p2_ref6_shy1_smo2  2    2       6            1    2                     9               1.52141         0.0809653            100             3.13826       
2D_p2_ref6_shy1_smo3  2    2       6            1    3                     8               1.44422         0.081191             100             3.11592       
2D_p2_ref6_shy2_smo1  2    2       6            2    1                     12              1.88935         0.0821468            100             3.13919       
2D_p2_ref6_shy2_smo2  2    2       6            2    2                     9               1.50747         0.0821007            100             3.13025       
2D_p2_ref6_shy2_smo3  2    2       6            2    3                     8               1.38979         0.0792737            100             3.12017       
2D_p2_ref6_shy3_smo1  2    2       6            3    1                     15              2.27339         0.0823312            100             3.1794        
2D_p2_ref6_shy3_smo2  2    2       6            3    2                     9               1.46498         0.0820505            100             3.16149       
2D_p2_ref6_shy3_smo3  2    2       6            3    3                     8               1.3517          0.0798839            100             3.15476       
2D_p2_ref6_shy4_smo1  2    2       6            4    1                     100             14.5157         0.0833543            100             3.04895       
2D_p2_ref6_shy4_smo2  2    2       6            4    2                     83              12.2656         0.0824073            100             3.08914       
2D_p2_ref6_shy4_smo3  2    2       6            4    3                     83              12.4759         0.0810769            100             3.08629       
2D_p2_ref7_shy1_smo1  2    2       7            1    1                     14              9.13224         0.247167             100             14.0651       
2D_p2_ref7_shy1_smo2  2    2       7            1    2                     11              7.41213         0.256198             100             14.0489       
2D_p2_ref7_shy1_smo3  2    2       7            1    3                     9               6.35425         0.250675             100             14.2291       
2D_p2_ref7_shy2_smo1  2    2       7            2    1                     14              9.0672          0.251149             100             14.2441       
2D_p2_ref7_shy2_smo2  2    2       7            2    2                     11              7.37294         0.253768             100             14.0727       
2D_p2_ref7_shy2_smo3  2    2       7            2    3                     9               6.28532         0.254942             100             14.1618       
2D_p2_ref7_shy3_smo1  2    2       7            3    1                     17              10.8217         0.250336             100             14.1273       
2D_p2_ref7_shy3_smo2  2    2       7            3    2                     11              7.35631         0.245915             100             14.2853       
2D_p2_ref7_shy3_smo3  2    2       7            3    3                     9               6.20538         0.252126             100             14.086        
2D_p2_ref7_shy4_smo1  2    2       7            4    1                     100             61.8745         0.249976             100             14.1488       
2D_p2_ref7_shy4_smo2  2    2       7            4    2                     100             62.5467         0.251241             100             13.9358       
2D_p2_ref7_shy4_smo3  2    2       7            4    3                     100             63.0283         0.254118             100             13.7649       
2D_p2_ref8_shy1_smo1  2    2       8            1    1                     18              47.1561         0.989856             100             57.3745       
2D_p2_ref8_shy1_smo2  2    2       8            1    2                     12              32.495          0.993301             100             58.1742       
2D_p2_ref8_shy1_smo3  2    2       8            1    3                     10              28.0344         1.55693              100             56.0478       
2D_p2_ref8_shy2_smo1  2    2       8            2    1                     18              47.1141         0.988649             100             56.2583       
2D_p2_ref8_shy2_smo2  2    2       8            2    2                     12              32.4854         0.994436             100             57.72         
2D_p2_ref8_shy2_smo3  2    2       8            2    3                     10              27.6814         0.996761             100             57.2147       
2D_p2_ref8_shy3_smo1  2    2       8            3    1                     22              57.1405         1.58854              100             56.8963       
2D_p2_ref8_shy3_smo2  2    2       8            3    2                     13              35.0123         1.55904              100             57.5418       
2D_p2_ref8_shy3_smo3  2    2       8            3    3                     11              30.2945         1.54972              100             58.1299       
2D_p2_ref8_shy4_smo1  2    2       8            4    1                     100             258.419         1.59117              100             57.3872       
2D_p2_ref8_shy4_smo2  2    2       8            4    2                     100             260.495         0.990013             100             57.1292       
2D_p2_ref8_shy4_smo3  2    2       8            4    3                     100             260.523         0.993023             100             57.3655       
2D_p2_ref9_shy1_smo1  2    2       9            1    1                     23              270.036         5.61178              100             251.757       
2D_p2_ref9_shy1_smo2  2    2       9            1    2                     14              166.449         5.6661               100             245.752       
2D_p2_ref9_shy1_smo3  2    2       9            1    3                     12              145.302         5.77444              100             254.665       
2D_p2_ref9_shy2_smo1  2    2       9            2    1                     23              269.704         5.70983              100             254.76        
2D_p2_ref9_shy2_smo2  2    2       9            2    2                     14              166.59          5.66879              100             250.722       
2D_p2_ref9_shy2_smo3  2    2       9            2    3                     12              142.563         5.5852               100             247.288       
2D_p2_ref9_shy3_smo1  2    2       9            3    1                     29              341.991         5.83288              100             249.352       
2D_p2_ref9_shy3_smo2  2    2       9            3    2                     15              177.16          5.56524              100             247.101       
2D_p2_ref9_shy3_smo3  2    2       9            3    3                     12              143.896         5.75586              100             250.545       
2D_p2_ref9_shy4_smo1  2    2       9            4    1                     100             1192.41         5.62192              100             252.591       
2D_p2_ref9_shy4_smo2  2    2       9            4    2                     100             1199.02         5.64991              100             250.903       
2D_p2_ref9_shy4_smo3  2    2       9            4    3                     100             1200.59         5.82788              100             250.04        
2D_p3_ref2_shy1_smo1  2    3       2            1    1                     8               0.00667966      0.000319214          100             0.0275028     
2D_p3_ref2_shy1_smo2  2    3       2            1    2                     6               0.00645888      0.000421872          100             0.0275318     
2D_p3_ref2_shy1_smo3  2    3       2            1    3                     5               0.00677789      0.0005217            100             0.0275889     
2D_p3_ref2_shy2_smo1  2    3       2            2    1                     8               0.00617472      0.000315194          100             0.0278171     
2D_p3_ref2_shy2_smo2  2    3       2            2    2                     6               0.00606562      0.000401313          100             0.0275634     
2D_p3_ref2_shy2_smo3  2    3       2            2    3                     5               0.00632948      0.00050823           100             0.0275384     
2D_p3_ref2_shy3_smo1  2    3       2            3    1                     9               0.00644845      0.000302274          100             0.0274705     
2D_p3_ref2_shy3_smo2  2    3       2            3    2                     7               0.00628722      0.000365493          100             0.0275475     
2D_p3_ref2_shy3_smo3  2    3       2            3    3                     6               0.00650488      0.000440732          100             0.0277203     
2D_p3_ref2_shy4_smo1  2    3       2            4    1                     14              0.00889231      0.000276955          100             0.0275309     
2D_p3_ref2_shy4_smo2  2    3       2            4    2                     9               0.00690364      0.000344534          100             0.0275028     
2D_p3_ref2_shy4_smo3  2    3       2            4    3                     8               0.00713506      0.000377803          100             0.0275416     
2D_p3_ref3_shy1_smo1  2    3       3            1    1                     10              0.0377815       0.00151526           100             0.104977      
2D_p3_ref3_shy1_smo2  2    3       3            1    2                     8               0.0411223       0.00187641           100             0.10467       
2D_p3_ref3_shy1_smo3  2    3       3            1    3                     7               0.0455812       0.0022236            100             0.10536       
2D_p3_ref3_shy2_smo1  2    3       3            2    1                     10              0.0365899       0.00149806           100             0.104869      
2D_p3_ref3_shy2_smo2  2    3       3            2    2                     8               0.0387701       0.00179856           100             0.104807      
2D_p3_ref3_shy2_smo3  2    3       3            2    3                     7               0.0428189       0.00213315           100             0.10471       
2D_p3_ref3_shy3_smo1  2    3       3            3    1                     11              0.0380932       0.00144871           100             0.104791      
2D_p3_ref3_shy3_smo2  2    3       3            3    2                     7               0.0316381       0.00168331           100             0.104598      
2D_p3_ref3_shy3_smo3  2    3       3            3    3                     7               0.0385003       0.00195577           100             0.1047        
2D_p3_ref3_shy4_smo1  2    3       3            4    1                     24              0.0755834       0.00132975           100             0.10459       
2D_p3_ref3_shy4_smo2  2    3       3            4    2                     14              0.0521968       0.00154248           100             0.104434      
2D_p3_ref3_shy4_smo3  2    3       3            4    3                     14              0.0611208       0.00174822           100             0.104675      
2D_p3_ref4_shy1_smo1  2    3       4            1    1                     14              0.276595        0.00709447           100             0.473271      
2D_p3_ref4_shy1_smo2  2    3       4            1    2                     10              0.229065        0.00782927           100             0.470027      
2D_p3_ref4_shy1_smo3  2    3       4            1    3                     8               0.20706         0.00839703           100             0.470656      
2D_p3_ref4_shy2_smo1  2    3       4            2    1                     14              0.27168         0.0069842            100             0.475285      
2D_p3_ref4_shy2_smo2  2    3       4            2    2                     10              0.222819        0.00767539           100             0.472985      
2D_p3_ref4_shy2_smo3  2    3       4            2    3                     8               0.199992        0.00818931           100             0.473289      
2D_p3_ref4_shy3_smo1  2    3       4            3    1                     15              0.282842        0.00689906           100             0.477744      
2D_p3_ref4_shy3_smo2  2    3       4            3    2                     10              0.213275        0.00731889           100             0.475309      
2D_p3_ref4_shy3_smo3  2    3       4            3    3                     8               0.190626        0.00791413           100             0.472786      
2D_p3_ref4_shy4_smo1  2    3       4            4    1                     54              0.959042        0.00666643           100             0.484162      
2D_p3_ref4_shy4_smo2  2    3       4            4    2                     21              0.406496        0.00710603           100             0.471292      
2D_p3_ref4_shy4_smo3  2    3       4            4    3                     20              0.414772        0.00746072           100             0.471457      
2D_p3_ref5_shy1_smo1  2    3       5            1    1                     17              1.64458         0.0552389            100             2.32249       
2D_p3_ref5_shy1_smo2  2    3       5            1    2                     11              1.1827          0.0546087            100             2.32428       
2D_p3_ref5_shy1_smo3  2    3       5            1    3                     9               1.04526         0.0533589            100             2.30104       
2D_p3_ref5_shy2_smo1  2    3       5            2    1                     17              1.63357         0.0554831            100             2.32238       
2D_p3_ref5_shy2_smo2  2    3       5            2    2                     11              1.16798         0.0526532            100             2.32169       
2D_p3_ref5_shy2_smo3  2    3       5            2    3                     9               1.03207         0.0534104            100             2.31891       
2D_p3_ref5_shy3_smo1  2    3       5            3    1                     22              2.04805         0.0538936            100             2.31499       
2D_p3_ref5_shy3_smo2  2    3       5            3    2                     12              1.2365          0.0545249            100             2.29846       
2D_p3_ref5_shy3_smo3  2    3       5            3    3                     9               1.00186         0.0532702            100             2.31983       
2D_p3_ref5_shy4_smo1  2    3       5            4    1                     75              6.7663          0.0554436            100             2.33249       
2D_p3_ref5_shy4_smo2  2    3       5            4    2                     29              2.77094         0.0552982            100             2.31763       
2D_p3_ref5_shy4_smo3  2    3       5            4    3                     26              2.56801         0.053697             100             2.26348       
2D_p3_ref6_shy1_smo1  2    3       6            1    1                     30              12.0878         0.236878             100             9.84223       
2D_p3_ref6_shy1_smo2  2    3       6            1    2                     15              6.51952         0.233611             100             9.82585       
2D_p3_ref6_shy1_smo3  2    3       6            1    3                     11              5.02424         0.230676             100             9.92275       
2D_p3_ref6_shy2_smo1  2    3       6            2    1                     36              14.6868         0.234763             100             9.88002       
2D_p3_ref6_shy2_smo2  2    3       6            2    2                     15              6.44647         0.230594             100             9.90148       
2D_p3_ref6_shy2_smo3  2    3       6            2    3                     11              4.96845         0.232172             100             9.86491       
2D_p3_ref6_shy3_smo1  2    3       6            3    1                     30              11.9863         0.239973             100             9.73189       
2D_p3_ref6_shy3_smo2  2    3       6            3    2                     16              6.76994         0.234023             100             10.0123       
2D_p3_ref6_shy3_smo3  2    3       6            3    3                     11              4.86311         0.22929              100             9.75246       
2D_p3_ref6_shy4_smo1  2    3       6            4    1                     100             39.2117         0.234336             100             9.85189       
2D_p3_ref6_shy4_smo2  2    3       6            4    2                     84              33.3816         0.232081             100             9.78317       
2D_p3_ref6_shy4_smo3  2    3       6            4    3                     82              33.2626         0.233691             100             9.87978       
2D_p3_ref7_shy1_smo1  2    3       7            1    1                     73              118.641         0.866033             100             42.0321       
2D_p3_ref7_shy1_smo2  2    3       7            1    2                     18              29.8781         0.883147             100             42.1643       
2D_p3_ref7_shy1_smo3  2    3       7            1    3                     13              22.5139         0.905414             100             42.0582       
2D_p3_ref7_shy2_smo1  2    3       7            2    1                     72              117.128         0.880329             100             41.4061       
2D_p3_ref7_shy2_smo2  2    3       7            2    2                     18              29.9561         0.918584             100             42.0487       
2D_p3_ref7_shy2_smo3  2    3       7            2    3                     13              22.1925         0.710199             100             41.7626       
2D_p3_ref7_shy3_smo1  2    3       7            3    1                     70              113.254         0.881853             100             41.903        
2D_p3_ref7_shy3_smo2  2    3       7            3    2                     21              34.4929         0.880126             100             42.4396       
2D_p3_ref7_shy3_smo3  2    3       7            3    3                     13              22.1999         0.903239             100             41.8881       
2D_p3_ref7_shy4_smo1  2    3       7            4    1                     100             161.321         0.899137             100             41.384        
2D_p3_ref7_shy4_smo2  2    3       7            4    2                     100             163.325         0.882909             100             41.2399       
2D_p3_ref7_shy4_smo3  2    3       7            4    3                     100             165.041         0.881118             100             41.1466       
2D_p3_ref8_shy1_smo1  2    3       8            1    1                     100             720.469         5.14619              100             179.797       
2D_p3_ref8_shy1_smo2  2    3       8            1    2                     24              173.953         5.17999              100             179.71        
2D_p3_ref8_shy1_smo3  2    3       8            1    3                     15              111.559         5.31864              100             180.292       
2D_p3_ref8_shy2_smo1  2    3       8            2    1                     100             718.343         4.96298              100             181.047       
2D_p3_ref8_shy2_smo2  2    3       8            2    2                     24              174.575         4.70828              100             176.311       
2D_p3_ref8_shy2_smo3  2    3       8            2    3                     15              111.165         5.20853              100             180.252       
2D_p3_ref8_shy3_smo1  2    3       8            3    1                     100             723.128         5.13366              100             181.034       
2D_p3_ref8_shy3_smo2  2    3       8            3    2                     29              209.139         4.67488              100             179.54        
2D_p3_ref8_shy3_smo3  2    3       8            3    3                     16              118.188         5.37998              100             179.541       
2D_p3_ref8_shy4_smo1  2    3       8            4    1                     100             717.653         5.07887              100             179.38        
2D_p3_ref8_shy4_smo2  2    3       8            4    2                     100             724.537         5.11147              100             179.255       
2D_p3_ref8_shy4_smo3  2    3       8            4    3                     100             728.77          5.26112              100             177.49        
2D_p3_ref9_shy1_smo1  2    3       9            1    1                     100             5028.93         27.9904                                            
