folder                      dim  degree  refinements  shy  smoothing  threshold  gmg_iterations  gmg_solve_time  smoother_sweep_time  amg_iterations  amg_solve_time
3D_p1_ref2_shy1_smo2_th0.5  3    1       2            1    2          0.5        11              0.0254747       0.00102451           17              0.00902808    
3D_p1_ref2_shy1_smo2_th1.   3    1       2            1    2          1.         8               0.015312        0.000794225          20              0.0105131     
3D_p1_ref2_shy1_smo3_th0.5  3    1       2            1    3          0.5        10              0.0291785       0.00144207           17              0.00901814    
3D_p1_ref2_shy1_smo3_th1.   3    1       2            1    3          1.         8               0.0186911       0.00105127           20              0.0105393     
3D_p1_ref2_shy2_smo2_th0.5  3    1       2            2    2          0.5        11              0.0245654       0.000989931          17              0.0090306     
3D_p1_ref2_shy2_smo2_th1.   3    1       2            2    2          1.         8               0.0148723       0.000778625          20              0.0104571     
3D_p1_ref2_shy2_smo3_th0.5  3    1       2            2    3          0.5        10              0.0281584       0.0013544            17              0.00905791    
3D_p1_ref2_shy2_smo3_th1.   3    1       2            2    3          1.         8               0.0181686       0.00100517           20              0.0104728     
3D_p1_ref2_shy3_smo2_th0.5  3    1       2            3    2          0.5        11              0.0226867       0.000904073          17              0.00902177    
3D_p1_ref2_shy3_smo2_th1.   3    1       2            3    2          1.         8               0.0136624       0.000721245          20              0.0105135     
3D_p1_ref2_shy3_smo3_th0.5  3    1       2            3    3          0.5        10              0.0258706       0.00121323           17              0.009003      
3D_p1_ref2_shy3_smo3_th1.   3    1       2            3    3          1.         8               0.0166358       0.000883442          20              0.0104939     
3D_p1_ref2_shy4_smo2_th0.5  3    1       2            4    2          0.5        11              0.0214006       0.000841243          17              0.00902601    
3D_p1_ref2_shy4_smo2_th1.   3    1       2            4    2          1.         8               0.0129175       0.000670617          20              0.010498      
3D_p1_ref2_shy4_smo3_th0.5  3    1       2            4    3          0.5        10              0.0239709       0.00110967           17              0.00902697    
3D_p1_ref2_shy4_smo3_th1.   3    1       2            4    3          1.         8               0.0154288       0.000808105          20              0.0104846     
3D_p1_ref3_shy1_smo2_th0.5  3    1       3            1    2          0.5        11              0.25787         0.00917375           20              0.0921451     
3D_p1_ref3_shy1_smo2_th1.   3    1       3            1    2          1.         9               0.191713        0.00836117           22              0.10112       
3D_p1_ref3_shy1_smo3_th0.5  3    1       3            1    3          0.5        11              0.299453        0.010656             20              0.0933479     
3D_p1_ref3_shy1_smo3_th1.   3    1       3            1    3          1.         8               0.201387        0.00979456           22              0.100723      
3D_p1_ref3_shy2_smo2_th0.5  3    1       3            2    2          0.5        11              0.251447        0.00903601           20              0.0922769     
3D_p1_ref3_shy2_smo2_th1.   3    1       3            2    2          1.         9               0.18617         0.00811418           22              0.101175      
3D_p1_ref3_shy2_smo3_th0.5  3    1       3            2    3          0.5        11              0.295498        0.0104848            20              0.0925047     
3D_p1_ref3_shy2_smo3_th1.   3    1       3            2    3          1.         8               0.19666         0.0094954            22              0.10141       
3D_p1_ref3_shy3_smo2_th0.5  3    1       3            3    2          0.5        11              0.235786        0.00864614           20              0.0923016     
3D_p1_ref3_shy3_smo2_th1.   3    1       3            3    2          1.         9               0.173282        0.00762888           22              0.101156      
3D_p1_ref3_shy3_smo3_th0.5  3    1       3            3    3          0.5        11              0.273144        0.0098334            20              0.0922563     
3D_p1_ref3_shy3_smo3_th1.   3    1       3            3    3          1.         8               0.18779         0.00921644           22              0.100713      
3D_p1_ref3_shy4_smo2_th0.5  3    1       3            4    2          0.5        11              0.228938        0.00828745           20              0.0929863     
3D_p1_ref3_shy4_smo2_th1.   3    1       3            4    2          1.         9               0.166002        0.00731016           22              0.101113      
3D_p1_ref3_shy4_smo3_th0.5  3    1       3            4    3          0.5        11              0.269529        0.00976543           20              0.0917584     
3D_p1_ref3_shy4_smo3_th1.   3    1       3            4    3          1.         8               0.179594        0.00877286           22              0.101267      
3D_p1_ref4_shy1_smo2_th0.5  3    1       4            1    2          0.5        13              2.46887         0.0965761            22              0.962356      
3D_p1_ref4_shy1_smo2_th1.   3    1       4            1    2          1.         11              2.00091         0.0883053            24              1.04932       
3D_p1_ref4_shy1_smo3_th0.5  3    1       4            1    3          0.5        13              2.67999         0.117008             22              0.972716      
3D_p1_ref4_shy1_smo3_th1.   3    1       4            1    3          1.         10              2.06912         0.0969958            24              1.04765       
3D_p1_ref4_shy2_smo2_th0.5  3    1       4            2    2          0.5        13              2.45213         0.090935             22              0.971488      
3D_p1_ref4_shy2_smo2_th1.   3    1       4            2    2          1.         11              2.00649         0.0870052            24              1.06337       
3D_p1_ref4_shy2_smo3_th0.5  3    1       4            2    3          0.5        13              2.68159         0.117482             22              0.975342      
3D_p1_ref4_shy2_smo3_th1.   3    1       4            2    3          1.         10              2.04023         0.0949141            24              1.06234       
3D_p1_ref4_shy3_smo2_th0.5  3    1       4            3    2          0.5        13              2.30816         0.114754             22              0.96677       
3D_p1_ref4_shy3_smo2_th1.   3    1       4            3    2          1.         11              1.86938         0.0854154            24              1.05666       
3D_p1_ref4_shy3_smo3_th0.5  3    1       4            3    3          0.5        13              2.56926         0.111496             22              0.969601      
3D_p1_ref4_shy3_smo3_th1.   3    1       4            3    3          1.         10              1.97761         0.0931951            24              1.05778       
3D_p1_ref4_shy4_smo2_th0.5  3    1       4            4    2          0.5        13              2.27982         0.101687             22              0.954875      
3D_p1_ref4_shy4_smo2_th1.   3    1       4            4    2          1.         11              1.80244         0.0832471            24              1.05931       
3D_p1_ref4_shy4_smo3_th0.5  3    1       4            4    3          0.5        13              2.53771         0.102867             22              0.967623      
3D_p1_ref4_shy4_smo3_th1.   3    1       4            4    3          1.         10              1.89615         0.0907409            24              1.07133       
3D_p1_ref5_shy1_smo2_th0.5  3    1       5            1    2          0.5        15              21.2341         0.811898             23              9.02907       
3D_p1_ref5_shy1_smo2_th1.   3    1       5            1    2          1.         12              17.0483         0.718528             25              9.72529       
3D_p1_ref5_shy1_smo3_th0.5  3    1       5            1    3          0.5        15              23.2008         0.85416              23              8.8945        
3D_p1_ref5_shy1_smo3_th1.   3    1       5            1    3          1.         11              16.8531         0.801501             25              9.91273       
3D_p1_ref5_shy2_smo2_th0.5  3    1       5            2    2          0.5        15              21.2372         0.81678              23              9.08019       
3D_p1_ref5_shy2_smo2_th1.   3    1       5            2    2          1.         12              16.6872         0.73179              25              9.96147       
3D_p1_ref5_shy2_smo3_th0.5  3    1       5            2    3          0.5        15              22.9802         0.852548             23              8.79513       
3D_p1_ref5_shy2_smo3_th1.   3    1       5            2    3          1.         11              17.1128         0.800469             25              9.65998       
3D_p1_ref5_shy3_smo2_th0.5  3    1       5            3    2          0.5        15              20.9173         0.797045             23              9.14013       
3D_p1_ref5_shy3_smo2_th1.   3    1       5            3    2          1.         12              16.442          0.729427             25              9.72114       
3D_p1_ref5_shy3_smo3_th0.5  3    1       5            3    3          0.5        15              22.503          0.838193             23              9.02799       
3D_p1_ref5_shy3_smo3_th1.   3    1       5            3    3          1.         11              16.6685         0.752145             25              9.58074       
3D_p1_ref5_shy4_smo2_th0.5  3    1       5            4    2          0.5        15              20.5422         0.775307             23              9.03947       
3D_p1_ref5_shy4_smo2_th1.   3    1       5            4    2          1.         12              16.3586         0.725008             25              9.59293       
3D_p1_ref5_shy4_smo3_th0.5  3    1       5            4    3          0.5        15              22.336          0.859526             23              9.01526       
3D_p1_ref5_shy4_smo3_th1.   3    1       5            4    3          1.         11              16.3029         0.762706             25              9.78832       
3D_p1_ref6_shy1_smo2_th0.5  3    1       6            1    2          0.5        15              198.944         8.11973              24              81.6781       
3D_p1_ref6_shy1_smo2_th1.   3    1       6            1    2          1.         13              171.956         8.1785               26              94.3007       
3D_p1_ref6_shy1_smo3_th0.5  3    1       6            1    3          0.5        15              209.288         8.45931              24              85.2167       
3D_p1_ref6_shy1_smo3_th1.   3    1       6            1    3          1.         12              168.463         8.57035              26              94.3789       
3D_p1_ref6_shy2_smo2_th0.5  3    1       6            2    2          0.5        15              198.584         8.10489              24              83.6847       
3D_p1_ref6_shy2_smo2_th1.   3    1       6            2    2          1.         13              172.766         7.20868              26              94.7993       
3D_p1_ref6_shy2_smo3_th0.5  3    1       6            2    3          0.5        15              210.767         8.48528              24              86.1756       
3D_p1_ref6_shy2_smo3_th1.   3    1       6            2    3          1.         12              168.337         8.2006               26              93.6621       
3D_p1_ref6_shy3_smo2_th0.5  3    1       6            3    2          0.5        15              198.339         8.30878              24              83.4633       
3D_p1_ref6_shy3_smo2_th1.   3    1       6            3    2          1.         13              171.331         7.75946              26              92.0098       
3D_p1_ref6_shy3_smo3_th0.5  3    1       6            3    3          0.5        15              207.492         8.61205              24              85.6736       
3D_p1_ref6_shy3_smo3_th1.   3    1       6            3    3          1.         12              167.468         7.98715              26              94.3185       
3D_p1_ref6_shy4_smo2_th0.5  3    1       6            4    2          0.5        15              194.065         8.08783              24              83.3863       
3D_p1_ref6_shy4_smo2_th1.   3    1       6            4    2          1.         13              171.34          6.25226              26              93.1113       
3D_p1_ref6_shy4_smo3_th0.5  3    1       6            4    3          0.5        15              202.2           8.44832              24              84.9029       
3D_p1_ref6_shy4_smo3_th1.   3    1       6            4    3          1.         12              165.147         8.4019               26              91.6005       
3D_p2_ref2_shy1_smo2_th0.5  3    2       2            1    2          0.5        17              0.716492        0.0154247                                          
3D_p2_ref2_shy1_smo2_th1.   3    2       2            1    2          1.         7               0.222328        0.0118733                                          
3D_p2_ref2_shy1_smo3_th0.5  3    2       2            1    3          0.5        18              0.918064        0.0553072                                          
3D_p2_ref2_shy1_smo3_th1.   3    2       2            1    3          1.         7               0.282293        0.0151703                                          
3D_p2_ref2_shy2_smo2_th0.5  3    2       2            2    2          0.5        17              0.697576        0.014928                                           
3D_p2_ref2_shy2_smo2_th1.   3    2       2            2    2          1.         7               0.216342        0.0114889                                          
3D_p2_ref2_shy2_smo3_th0.5  3    2       2            2    3          0.5        18              0.923473        0.0193104                                          
3D_p2_ref2_shy2_smo3_th1.   3    2       2            2    3          1.         7               0.272876        0.0146896                                          
3D_p2_ref2_shy3_smo2_th0.5  3    2       2            3    2          0.5        15              0.597843        0.0143613                                          
3D_p2_ref2_shy3_smo2_th1.   3    2       2            3    2          1.         7               0.20665         0.0109125                                          
3D_p2_ref2_shy3_smo3_th0.5  3    2       2            3    3          0.5        16              0.791488        0.0184433                                          
3D_p2_ref2_shy3_smo3_th1.   3    2       2            3    3          1.         7               0.257301        0.013879                                           
3D_p2_ref2_shy4_smo2_th0.5  3    2       2            4    2          0.5        15              0.573054        0.0137444                                          
3D_p2_ref2_shy4_smo2_th1.   3    2       2            4    2          1.         7               0.198392        0.0104989                                          
3D_p2_ref2_shy4_smo3_th0.5  3    2       2            4    3          0.5        16              0.759511        0.0175068                                          
3D_p2_ref2_shy4_smo3_th1.   3    2       2            4    3          1.         7               0.245583        0.0133                                             
3D_p2_ref3_shy1_smo2_th0.5  3    2       3            1    2          0.5        11              3.65226         0.165149                                           
3D_p2_ref3_shy1_smo2_th1.   3    2       3            1    2          1.         9               2.82561         0.197272                                           
3D_p2_ref3_shy1_smo3_th0.5  3    2       3            1    3          0.5        13              5.20236         0.214845                                           
3D_p2_ref3_shy1_smo3_th1.   3    2       3            1    3          1.         8               3.03072         0.283128                                           
3D_p2_ref3_shy2_smo2_th0.5  3    2       3            2    2          0.5        11              3.61183         0.164308                                           
3D_p2_ref3_shy2_smo2_th1.   3    2       3            2    2          1.         9               2.77345         0.195804                                           
3D_p2_ref3_shy2_smo3_th0.5  3    2       3            2    3          0.5        13              5.14163         0.215212                                           
3D_p2_ref3_shy2_smo3_th1.   3    2       3            2    3          1.         8               2.96872         0.283699                                           
3D_p2_ref3_shy3_smo2_th0.5  3    2       3            3    2          0.5        11              3.51034         0.160486                                           
3D_p2_ref3_shy3_smo2_th1.   3    2       3            3    2          1.         9               2.70441         0.193316                                           
3D_p2_ref3_shy3_smo3_th0.5  3    2       3            3    3          0.5        13              4.94344         0.208163                                           
3D_p2_ref3_shy3_smo3_th1.   3    2       3            3    3          1.         8               2.91227         0.24151                                            
3D_p2_ref3_shy4_smo2_th0.5  3    2       3            4    2          0.5        11              3.43004         0.160157                                           
3D_p2_ref3_shy4_smo2_th1.   3    2       3            4    2          1.         9               2.65113         0.191463                                           
3D_p2_ref3_shy4_smo3_th0.5  3    2       3            4    3          0.5        12              4.42335         0.20933                                            
3D_p2_ref3_shy4_smo3_th1.   3    2       3            4    3          1.         8               2.82952         0.235203                                           
3D_p2_ref4_shy1_smo2_th0.5  3    2       4            1    2          0.5        100             218.099         1.21919                                            
3D_p2_ref4_shy1_smo2_th1.   3    2       4            1    2          1.         10              22.2493         1.31205                                            
3D_p2_ref4_shy1_smo3_th0.5  3    2       4            1    3          0.5        100             252.183         1.71013                                            
3D_p2_ref4_shy1_smo3_th1.   3    2       4            1    3          1.         9               23.1587         1.51545                                            
3D_p2_ref4_shy2_smo2_th0.5  3    2       4            2    2          0.5        100             217.141         1.49065                                            
3D_p2_ref4_shy2_smo2_th1.   3    2       4            2    2          1.         10              22.1325         1.30392                                            
3D_p2_ref4_shy2_smo3_th0.5  3    2       4            2    3          0.5        100             248.752         1.40497                                            
3D_p2_ref4_shy2_smo3_th1.   3    2       4            2    3          1.         9               23.1206         1.55763                                            
3D_p2_ref4_shy3_smo2_th0.5  3    2       4            3    2          0.5        100             213.254         1.48303                                            
3D_p2_ref4_shy3_smo2_th1.   3    2       4            3    2          1.         10              21.9759         1.49904                                            
3D_p2_ref4_shy3_smo3_th0.5  3    2       4            3    3          0.5        100             242.754         1.69303                                            
3D_p2_ref4_shy3_smo3_th1.   3    2       4            3    3          1.         9               22.6687         1.51001                                            
3D_p2_ref4_shy4_smo2_th0.5  3    2       4            4    2          0.5        100             209.75          1.45078                                            
3D_p2_ref4_shy4_smo2_th1.   3    2       4            4    2          1.         10              21.5465         1.46442                                            
3D_p2_ref4_shy4_smo3_th0.5  3    2       4            4    3          0.5        100             240.059         1.67295                                            
3D_p2_ref4_shy4_smo3_th1.   3    2       4            4    3          1.         9               22.1233         1.46125                                            
3D_p2_ref5_shy1_smo2_th0.5  3    2       5            1    2          0.5        100             2043.23         13.2938                                            
3D_p2_ref5_shy1_smo2_th1.   3    2       5            1    2          1.         12              245.014         13.9644                                            
3D_p2_ref5_shy1_smo3_th0.5  3    2       5            1    3          0.5        100             2246.51         14.1401                                            
3D_p2_ref5_shy1_smo3_th1.   3    2       5            1    3          1.         10              228.803         15.1649                                            
3D_p2_ref5_shy2_smo2_th0.5  3    2       5            2    2          0.5        100             2036.41         13.1983                                            
3D_p2_ref5_shy2_smo2_th1.   3    2       5            2    2          1.         12              244.064         13.9706                                            
3D_p2_ref5_shy2_smo3_th0.5  3    2       5            2    3          0.5        100             2230.29         14.5805                                            
3D_p2_ref5_shy2_smo3_th1.   3    2       5            2    3          1.         10              226.913         14.5757                                            
3D_p2_ref5_shy3_smo2_th0.5  3    2       5            3    2          0.5        100             2011.35         13.2575                                            
3D_p2_ref5_shy3_smo2_th1.   3    2       5            3    2          1.         12              242.518         13.8274                                            
3D_p2_ref5_shy3_smo3_th0.5  3    2       5            3    3          0.5        100             2207.45         14.2529                                            
3D_p2_ref5_shy3_smo3_th1.   3    2       5            3    3          1.         10              223.861         14.2484                                            
3D_p2_ref5_shy4_smo2_th0.5  3    2       5            4    2          0.5        100             2000.01         13.2282                                            
3D_p2_ref5_shy4_smo2_th1.   3    2       5            4    2          1.         12              241.114         12.8774                                            
3D_p2_ref5_shy4_smo3_th0.5  3    2       5            4    3          0.5        100             2175.95         14.3571                                            
3D_p2_ref5_shy4_smo3_th1.   3    2       5            4    3          1.         10              221.395         13.6545                                            
3D_p2_ref6_shy1_smo2_th1.   3    2       6            1    2          1.                                                                                            
