folder                     dim  degree  refinements  shy  smoothing  threshold  gmg_iterations  gmg_solve_time  smoother_sweep_time  amg_iterations  amg_solve_time
2D_p1_ref2_shy3_smo1_th1.  2    1       2            3    1          1.         2               0.000280284     8.0008e-05           2               0.000279914   
2D_p1_ref2_shy3_smo2_th1.  2    1       2            3    2          1.         2               0.000271755     7.9579e-05           2               0.000286784   
2D_p1_ref2_shy3_smo3_th1.  2    1       2            3    3          1.         2               0.000279895     8.8149e-05           2               0.000298834   
2D_p1_ref3_shy3_smo1_th1.  2    1       3            3    1          1.         2               0.000672906     0.000165537          2               0.000601378   
2D_p1_ref3_shy3_smo2_th1.  2    1       3            3    2          1.         2               0.000644807     0.000178076          2               0.000610658   
2D_p1_ref3_shy3_smo3_th1.  2    1       3            3    3          1.         2               0.000664577     0.000193697          2               0.000612578   
2D_p1_ref4_shy3_smo1_th1.  2    1       4            3    1          1.         1               0.00154047      0.00052622           12              0.00284817    
2D_p1_ref4_shy3_smo2_th1.  2    1       4            3    2          1.         1               0.00160864      0.000571749          12              0.00288072    
2D_p1_ref4_shy3_smo3_th1.  2    1       4            3    3          1.         1               0.00157804      0.000593998          12              0.00286632    
2D_p1_ref5_shy3_smo1_th1.  2    1       5            3    1          1.         2               0.0100891       0.00304688           13              0.0120156     
2D_p1_ref5_shy3_smo2_th1.  2    1       5            3    2          1.         2               0.0100566       0.00339084           13              0.0120128     
2D_p1_ref5_shy3_smo3_th1.  2    1       5            3    3          1.         2               0.00974382      0.00350265           13              0.0120586     
2D_p1_ref6_shy3_smo1_th1.  2    1       6            3    1          1.         2               0.0846579       0.0157775            14              0.0550637     
2D_p1_ref6_shy3_smo2_th1.  2    1       6            3    2          1.         2               0.0855175       0.0162954            14              0.0552022     
2D_p1_ref6_shy3_smo3_th1.  2    1       6            3    3          1.         2               0.0860865       0.0166302            14              0.055744      
2D_p1_ref7_shy3_smo1_th1.  2    1       7            3    1          1.         1               0.282679        0.0814668            15              0.331743      
2D_p1_ref7_shy3_smo2_th1.  2    1       7            3    2          1.         1               0.283779        0.0823777            15              0.337942      
2D_p1_ref7_shy3_smo3_th1.  2    1       7            3    3          1.         1               0.282794        0.0796139            15              0.335248      
2D_p1_ref8_shy3_smo1_th1.  2    1       8            3    1          1.         1               1.45753         0.314022             17              1.67817       
2D_p1_ref8_shy3_smo2_th1.  2    1       8            3    2          1.         1               1.45264         0.31627              17              1.6834        
2D_p1_ref8_shy3_smo3_th1.  2    1       8            3    3          1.         1               1.45355         0.315292             17              1.66225       
2D_p2_ref2_shy3_smo1_th1.  2    2       2            3    1          1.         5               0.00164011      0.000140067                                        
2D_p2_ref2_shy3_smo2_th1.  2    2       2            3    2          1.         4               0.00155499      0.000157887                                        
2D_p2_ref2_shy3_smo3_th1.  2    2       2            3    3          1.         4               0.0017599       0.000176367                                        
2D_p2_ref3_shy3_smo1_th1.  2    2       3            3    1          1.         5               0.00580346      0.000445791                                        
2D_p2_ref3_shy3_smo2_th1.  2    2       3            3    2          1.         4               0.00528203      0.00051179                                         
2D_p2_ref3_shy3_smo3_th1.  2    2       3            3    3          1.         4               0.00582023      0.000568198                                        
2D_p2_ref4_shy3_smo1_th1.  2    2       4            3    1          1.         5               0.0302192       0.0022179                                          
2D_p2_ref4_shy3_smo2_th1.  2    2       4            3    2          1.         4               0.0279681       0.00248806                                         
2D_p2_ref4_shy3_smo3_th1.  2    2       4            3    3          1.         4               0.0298759       0.00274064                                         
2D_p2_ref5_shy3_smo1_th1.  2    2       5            3    1          1.         5               0.158992        0.0108167                                          
2D_p2_ref5_shy3_smo2_th1.  2    2       5            3    2          1.         4               0.134743        0.0111695                                          
2D_p2_ref5_shy3_smo3_th1.  2    2       5            3    3          1.         4               0.142129        0.0116933                                          
2D_p2_ref6_shy3_smo1_th1.  2    2       6            3    1          1.         5               0.859929        0.0681112                                          
2D_p2_ref6_shy3_smo2_th1.  2    2       6            3    2          1.         4               0.681487        0.0670249                                          
2D_p2_ref6_shy3_smo3_th1.  2    2       6            3    3          1.         4               0.707213        0.0664052                                          
2D_p2_ref7_shy3_smo1_th1.  2    2       7            3    1          1.         5               3.75938         0.326209                                           
2D_p2_ref7_shy3_smo2_th1.  2    2       7            3    2          1.         4               3.21782         0.322206                                           
2D_p2_ref7_shy3_smo3_th1.  2    2       7            3    3          1.         3               2.59964         0.323489                                           
2D_p2_ref8_shy3_smo1_th1.  2    2       8            3    1          1.         4               13.0252         1.22699                                            
2D_p2_ref8_shy3_smo2_th1.  2    2       8            3    2          1.         4               13.0694         1.1802                                             
2D_p2_ref8_shy3_smo3_th1.  2    2       8            3    3          1.         3               10.5543         1.19076                                            
2D_p3_ref2_shy3_smo1_th1.  2    3       2            3    1          1.         5               0.00505762      0.000294624                                        
2D_p3_ref2_shy3_smo2_th1.  2    3       2            3    2          1.         5               0.0053914       0.000353303                                        
2D_p3_ref2_shy3_smo3_th1.  2    3       2            3    3          1.         4               0.0052062       0.000412071                                        
2D_p3_ref3_shy3_smo1_th1.  2    3       3            3    1          1.         5               0.0221769       0.00150898                                         
2D_p3_ref3_shy3_smo2_th1.  2    3       3            3    2          1.         4               0.0221583       0.00170408                                         
2D_p3_ref3_shy3_smo3_th1.  2    3       3            3    3          1.         4               0.0258258       0.00192486                                         
2D_p3_ref4_shy3_smo1_th1.  2    3       4            3    1          1.         5               0.119204        0.00669896                                         
2D_p3_ref4_shy3_smo2_th1.  2    3       4            3    2          1.         4               0.106604        0.00723633                                         
2D_p3_ref4_shy3_smo3_th1.  2    3       4            3    3          1.         4               0.114219        0.00780406                                         
2D_p3_ref5_shy3_smo1_th1.  2    3       5            3    1          1.         5               0.595815        0.0484876                                          
2D_p3_ref5_shy3_smo2_th1.  2    3       5            3    2          1.         4               0.510717        0.0588431                                          
2D_p3_ref5_shy3_smo3_th1.  2    3       5            3    3          1.         4               0.522981        0.0561705                                          
2D_p3_ref6_shy3_smo1_th1.  2    3       6            3    1          1.         4               2.27226         0.297141                                           
2D_p3_ref6_shy3_smo2_th1.  2    3       6            3    2          1.         4               2.26049         0.301974                                           
2D_p3_ref6_shy3_smo3_th1.  2    3       6            3    3          1.         4               2.30445         0.298113                                           
2D_p3_ref7_shy3_smo1_th1.  2    3       7            3    1          1.         5               11.0189         1.01385                                            
2D_p3_ref7_shy3_smo2_th1.  2    3       7            3    2          1.         4               9.26024         1.01792                                            
2D_p3_ref7_shy3_smo3_th1.  2    3       7            3    3          1.         3               7.55306         1.09381                                            
2D_p3_ref8_shy3_smo1_th1.  2    3       8            3    1          1.         4               40.829          5.051                                              
2D_p3_ref8_shy3_smo2_th1.  2    3       8            3    2          1.         3               33.2381         5.20346                                            
2D_p3_ref8_shy3_smo3_th1.  2    3       8            3    3          1.         3               33.2687         5.1888                                             
